0.00 0.00 0.00 0.00 0.00 0.00 0.00 0.00 0.00 0.00 0.00 0.00 0.00 0.00 0.00 0.00 0.00 0.00 0.00 0.00 0.00 0.00 0.00 0.00 0.00 0.00 0.00 0.00 
0.00 0.00 0.00 0.00 0.00 0.00 0.00 0.00 0.00 0.00 0.00 0.00 0.00 0.00 0.00 0.00 0.00 0.00 0.00 0.00 0.00 0.00 0.00 0.00 0.00 0.00 0.00 0.00 
0.00 0.00 0.00 0.00 0.00 0.00 0.00 0.00 0.00 0.00 0.00 0.00 0.00 0.00 0.00 0.00 0.00 0.00 0.00 0.00 0.00 0.00 0.00 0.00 0.00 0.00 0.00 0.00 
0.00 0.00 0.00 0.00 0.00 0.00 0.00 0.00 0.00 0.00 0.00 0.00 0.00 0.00 0.00 0.00 0.00 0.00 0.00 0.05 0.00 0.00 0.00 0.02 0.17 0.04 0.00 0.00 
0.00 0.00 0.00 0.00 0.00 0.00 0.00 0.00 0.00 0.00 0.00 0.00 0.00 0.00 0.00 0.00 0.01 0.06 0.04 0.01 0.15 0.20 0.09 0.00 0.05 0.21 0.03 0.00 
0.00 0.00 0.00 0.00 0.00 0.00 0.00 0.00 0.00 0.00 0.00 0.00 0.00 0.00 0.03 0.07 0.00 0.07 0.16 0.18 0.05 0.00 0.00 0.00 0.00 0.22 0.07 0.00 
0.00 0.00 0.00 0.00 0.00 0.00 0.00 0.00 0.00 0.00 0.00 0.00 0.00 0.07 0.10 0.00 0.15 0.12 0.00 0.00 0.00 0.00 0.00 0.00 0.00 0.00 0.07 0.00 
0.00 0.00 0.00 0.00 0.00 0.00 0.00 0.00 0.00 0.00 0.00 0.07 0.04 0.01 0.11 0.15 0.00 0.00 0.00 0.00 0.00 0.00 0.00 0.00 0.00 0.00 0.00 0.00 
0.00 0.00 0.00 0.00 0.00 0.00 0.00 0.00 0.00 0.00 0.09 0.10 0.03 0.09 0.00 0.00 0.00 0.00 0.00 0.00 0.00 0.00 0.00 0.00 0.00 0.15 0.00 0.00 
0.00 0.00 0.00 0.00 0.00 0.00 0.00 0.00 0.01 0.11 0.05 0.00 0.00 0.00 0.00 0.00 0.00 0.00 0.00 0.13 0.00 0.00 0.00 0.00 0.21 0.07 0.12 0.00 
0.00 0.00 0.00 0.00 0.00 0.00 0.00 0.04 0.11 0.02 0.00 0.00 0.00 0.00 0.00 0.00 0.00 0.06 0.24 0.08 0.00 0.00 0.00 0.12 0.13 0.09 0.01 0.00 
0.00 0.00 0.00 0.00 0.00 0.00 0.06 0.14 0.00 0.00 0.00 0.00 0.00 0.00 0.00 0.00 0.14 0.22 0.26 0.00 0.00 0.00 0.00 0.12 0.09 0.08 0.00 0.00 
0.00 0.00 0.00 0.00 0.00 0.04 0.15 0.00 0.00 0.00 0.00 0.00 0.00 0.00 0.04 0.17 0.18 0.38 0.00 0.00 0.00 0.00 0.00 0.14 0.08 0.00 0.00 0.00 
0.00 0.00 0.00 0.00 0.00 0.13 0.06 0.00 0.00 0.00 0.00 0.00 0.00 0.17 0.10 0.17 0.24 0.01 0.00 0.00 0.00 0.00 0.21 0.05 0.08 0.00 0.00 0.00 
0.00 0.00 0.00 0.00 0.08 0.13 0.00 0.00 0.00 0.00 0.00 0.00 0.20 0.05 0.17 0.18 0.08 0.00 0.00 0.00 0.00 0.00 0.09 0.15 0.00 0.00 0.00 0.00 
0.00 0.00 0.00 0.00 0.14 0.00 0.00 0.00 0.00 0.00 0.00 0.26 0.04 0.19 0.12 0.10 0.00 0.00 0.00 0.00 0.00 0.10 0.07 0.03 0.00 0.00 0.00 0.00 
0.00 0.00 0.00 0.06 0.10 0.00 0.00 0.00 0.00 0.00 0.25 0.02 0.19 0.13 0.12 0.00 0.00 0.00 0.00 0.00 0.02 0.10 0.12 0.00 0.00 0.00 0.00 0.00 
0.00 0.00 0.00 0.11 0.02 0.00 0.00 0.00 0.00 0.26 0.06 0.26 0.06 0.03 0.00 0.00 0.00 0.00 0.00 0.00 0.17 0.04 0.07 0.00 0.00 0.00 0.00 0.00 
0.00 0.00 0.00 0.10 0.00 0.00 0.00 0.00 0.21 0.30 0.28 0.16 0.15 0.12 0.00 0.00 0.00 0.00 0.00 0.20 0.03 0.16 0.00 0.00 0.00 0.00 0.00 0.00 
0.00 0.00 0.00 0.00 0.00 0.00 0.00 0.00 0.25 0.36 0.32 0.16 0.00 0.00 0.00 0.00 0.00 0.00 0.19 0.03 0.13 0.00 0.00 0.00 0.00 0.00 0.00 0.00 
0.00 0.00 0.00 0.00 0.00 0.00 0.00 0.00 0.00 0.00 0.00 0.00 0.00 0.00 0.00 0.00 0.00 0.20 0.05 0.15 0.04 0.00 0.00 0.00 0.00 0.00 0.00 0.00 
0.00 0.00 0.00 0.00 0.00 0.00 0.00 0.00 0.00 0.00 0.00 0.00 0.00 0.00 0.00 0.00 0.16 0.07 0.17 0.03 0.00 0.00 0.00 0.00 0.00 0.00 0.00 0.00 
0.00 0.00 0.00 0.00 0.00 0.00 0.00 0.00 0.00 0.00 0.00 0.00 0.00 0.00 0.08 0.14 0.13 0.15 0.00 0.00 0.00 0.00 0.00 0.00 0.00 0.00 0.00 0.00 
0.00 0.00 0.00 0.00 0.00 0.00 0.00 0.02 0.17 0.12 0.08 0.12 0.09 0.20 0.17 0.15 0.05 0.00 0.00 0.00 0.00 0.00 0.00 0.00 0.00 0.00 0.00 0.00 
0.00 0.00 0.00 0.00 0.00 0.00 0.00 0.00 0.02 0.14 0.19 0.14 0.18 0.08 0.05 0.00 0.00 0.00 0.00 0.00 0.00 0.00 0.00 0.00 0.00 0.00 0.00 0.00 
0.00 0.00 0.00 0.00 0.00 0.00 0.00 0.00 0.00 0.00 0.00 0.00 0.00 0.00 0.00 0.00 0.00 0.00 0.00 0.00 0.00 0.00 0.00 0.00 0.00 0.00 0.00 0.00 
0.00 0.00 0.00 0.00 0.00 0.00 0.00 0.00 0.00 0.00 0.00 0.00 0.00 0.00 0.00 0.00 0.00 0.00 0.00 0.00 0.00 0.00 0.00 0.00 0.00 0.00 0.00 0.00 
0.00 0.00 0.00 0.00 0.00 0.00 0.00 0.00 0.00 0.00 0.00 0.00 0.00 0.00 0.00 0.00 0.00 0.00 0.00 0.00 0.00 0.00 0.00 0.00 0.00 0.00 0.00 0.00 
