[[[[ 0.27078974  0.23924512]]

  [[-0.06880983 -0.11027481]]

  [[ 0.17711075 -0.24453701]]

  [[-0.15284868  0.23624395]]

  [[ 0.02859368  0.18836521]]]


 [[[-0.22575837  0.04045021]]

  [[ 0.11477089 -0.10118084]]

  [[-0.09676606  0.09347177]]

  [[ 0.12744957  0.19547947]]

  [[-0.11691838  0.26155058]]]


 [[[ 0.11819602 -0.06053885]]

  [[-0.2609688   0.21329589]]

  [[-0.17599209 -0.10437647]]

  [[-0.09107536 -0.1233554 ]]

  [[-0.05324707 -0.07477847]]]


 [[[ 0.04541806 -0.02639453]]

  [[-0.18653135  0.18580259]]

  [[ 0.12891524  0.18684776]]

  [[-0.02137395  0.08181939]]

  [[ 0.08271716  0.1409868 ]]]


 [[[ 0.10564334  0.26813945]]

  [[ 0.207753    0.14394775]]

  [[-0.26152241  0.12092821]]

  [[ 0.02196316  0.2737506 ]]

  [[ 0.11731372 -0.02019709]]]]
[-0.03410477 -0.00176795]
0.00 0.00 0.00 0.00 0.00 0.00 0.00 0.00 0.00 0.00 0.00 0.00 0.00 0.00 0.00 0.00 0.00 0.00 0.00 0.00 0.00 0.00 0.00 0.00 0.00 0.00 0.00 0.00
0.00 0.00 0.00 0.00 0.00 0.00 0.00 0.00 0.00 0.00 0.00 0.00 0.00 0.00 0.00 0.00 0.00 0.00 0.00 0.00 0.00 0.00 0.00 0.00 0.00 0.00 0.00 0.00
0.00 0.00 0.00 0.00 0.00 0.00 0.00 0.00 0.00 0.00 0.00 0.00 0.00 0.00 0.00 0.00 0.00 0.00 0.00 0.00 0.00 0.00 0.00 0.00 0.00 0.00 0.00 0.00
0.00 0.00 0.00 0.00 0.00 0.00 0.00 0.00 0.00 0.00 0.00 0.00 0.00 0.00 0.00 0.00 0.00 0.00 0.00 0.00 0.00 0.00 0.00 0.00 0.00 0.00 0.00 0.00
0.00 0.00 0.00 0.00 0.00 0.00 0.00 0.00 0.00 0.00 0.00 0.00 0.00 0.00 0.00 0.00 0.00 0.00 0.00 0.00 0.00 0.00 0.00 0.00 0.00 0.00 0.00 0.00
0.00 0.00 0.00 0.00 0.00 0.00 0.00 0.00 0.00 0.00 0.00 0.00 0.00 0.00 0.00 0.00 0.00 0.00 0.00 0.00 0.33 0.64 0.75 0.64 0.05 0.00 0.00 0.00
0.00 0.00 0.00 0.00 0.00 0.00 0.00 0.00 0.00 0.00 0.00 0.00 0.00 0.00 0.00 0.00 0.00 0.04 0.36 0.84 0.99 0.99 0.99 0.99 0.58 0.00 0.00 0.00
0.00 0.00 0.00 0.00 0.00 0.00 0.00 0.00 0.00 0.00 0.00 0.00 0.00 0.00 0.00 0.04 0.56 0.83 0.99 0.99 0.99 0.99 0.99 0.99 0.71 0.00 0.00 0.00
0.00 0.00 0.00 0.00 0.00 0.00 0.00 0.00 0.00 0.00 0.00 0.00 0.00 0.00 0.18 0.86 0.99 0.99 0.99 0.99 0.58 0.89 0.99 0.89 0.16 0.00 0.00 0.00
0.00 0.00 0.00 0.00 0.00 0.00 0.00 0.00 0.00 0.00 0.00 0.00 0.29 0.85 0.99 1.00 0.99 0.87 0.31 0.00 0.03 0.79 0.99 0.50 0.00 0.00 0.00 0.00
0.00 0.00 0.00 0.00 0.00 0.00 0.00 0.00 0.00 0.00 0.00 0.25 0.84 0.99 0.99 0.94 0.35 0.13 0.00 0.00 0.31 0.99 0.79 0.08 0.00 0.00 0.00 0.00
0.00 0.00 0.00 0.00 0.00 0.00 0.00 0.00 0.00 0.00 0.40 0.97 0.99 0.87 0.49 0.07 0.00 0.00 0.00 0.00 0.96 0.99 0.46 0.00 0.00 0.00 0.00 0.00
0.00 0.00 0.00 0.00 0.00 0.00 0.00 0.00 0.06 0.60 0.99 0.99 0.83 0.25 0.00 0.00 0.00 0.00 0.00 0.28 0.99 0.91 0.06 0.00 0.00 0.00 0.00 0.00
0.00 0.00 0.00 0.00 0.00 0.00 0.00 0.04 0.73 0.99 0.99 0.85 0.11 0.00 0.00 0.00 0.00 0.00 0.11 0.83 0.99 0.31 0.00 0.00 0.00 0.00 0.00 0.00
0.00 0.00 0.00 0.00 0.00 0.00 0.00 0.57 0.99 0.99 0.76 0.11 0.00 0.00 0.00 0.00 0.00 0.00 0.49 0.99 0.90 0.11 0.00 0.00 0.00 0.00 0.00 0.00
0.00 0.00 0.00 0.00 0.00 0.00 0.25 0.94 0.99 0.85 0.00 0.00 0.00 0.00 0.00 0.00 0.00 0.38 0.91 0.99 0.38 0.00 0.00 0.00 0.00 0.00 0.00 0.00
0.00 0.00 0.00 0.00 0.00 0.02 0.76 0.99 0.87 0.11 0.00 0.00 0.00 0.00 0.00 0.00 0.20 0.92 0.99 0.75 0.00 0.00 0.00 0.00 0.00 0.00 0.00 0.00
0.00 0.00 0.00 0.00 0.00 0.27 0.99 0.97 0.38 0.00 0.00 0.00 0.00 0.00 0.00 0.22 0.91 0.99 0.82 0.05 0.00 0.00 0.00 0.00 0.00 0.00 0.00 0.00
0.00 0.00 0.00 0.00 0.00 0.58 0.99 0.56 0.00 0.00 0.00 0.00 0.00 0.00 0.18 0.93 0.99 0.96 0.26 0.00 0.00 0.00 0.00 0.00 0.00 0.00 0.00 0.00
0.00 0.00 0.00 0.00 0.00 1.00 0.99 0.50 0.00 0.00 0.00 0.00 0.19 0.68 0.99 1.00 0.87 0.24 0.00 0.00 0.00 0.00 0.00 0.00 0.00 0.00 0.00 0.00
0.00 0.00 0.00 0.00 0.00 0.99 0.99 0.87 0.64 0.50 0.57 0.75 0.97 0.99 0.99 0.73 0.06 0.00 0.00 0.00 0.00 0.00 0.00 0.00 0.00 0.00 0.00 0.00
0.00 0.00 0.00 0.00 0.00 0.39 0.97 0.99 0.99 0.99 0.99 0.99 0.99 0.83 0.32 0.04 0.00 0.00 0.00 0.00 0.00 0.00 0.00 0.00 0.00 0.00 0.00 0.00
0.00 0.00 0.00 0.00 0.00 0.00 0.25 0.71 0.74 0.74 0.75 0.43 0.33 0.11 0.00 0.00 0.00 0.00 0.00 0.00 0.00 0.00 0.00 0.00 0.00 0.00 0.00 0.00
0.00 0.00 0.00 0.00 0.00 0.00 0.00 0.00 0.00 0.00 0.00 0.00 0.00 0.00 0.00 0.00 0.00 0.00 0.00 0.00 0.00 0.00 0.00 0.00 0.00 0.00 0.00 0.00
0.00 0.00 0.00 0.00 0.00 0.00 0.00 0.00 0.00 0.00 0.00 0.00 0.00 0.00 0.00 0.00 0.00 0.00 0.00 0.00 0.00 0.00 0.00 0.00 0.00 0.00 0.00 0.00
0.00 0.00 0.00 0.00 0.00 0.00 0.00 0.00 0.00 0.00 0.00 0.00 0.00 0.00 0.00 0.00 0.00 0.00 0.00 0.00 0.00 0.00 0.00 0.00 0.00 0.00 0.00 0.00
0.00 0.00 0.00 0.00 0.00 0.00 0.00 0.00 0.00 0.00 0.00 0.00 0.00 0.00 0.00 0.00 0.00 0.00 0.00 0.00 0.00 0.00 0.00 0.00 0.00 0.00 0.00 0.00
0.00 0.00 0.00 0.00 0.00 0.00 0.00 0.00 0.00 0.00 0.00 0.00 0.00 0.00 0.00 0.00 0.00 0.00 0.00 0.00 0.00 0.00 0.00 0.00 0.00 0.00 0.00 0.00
0.00 0.00 0.00 0.00 0.00 0.00 0.00 0.00 0.00 0.00 0.00 0.00 0.00 0.00 0.00 0.00 0.00 0.00 0.00 0.00 0.00 0.00 0.00 0.00 0.00 0.00 0.00 0.00
0.00 0.00 0.00 0.00 0.00 0.00 0.00 0.00 0.00 0.00 0.00 0.00 0.00 0.00 0.00 0.00 0.00 0.00 0.00 0.00 0.00 0.00 0.00 0.00 0.00 0.00 0.00 0.00
0.00 0.00 0.00 0.00 0.00 0.00 0.00 0.00 0.00 0.00 0.00 0.00 0.00 0.00 0.00 0.00 0.00 0.00 0.00 0.00 0.00 0.00 0.00 0.00 0.00 0.00 0.00 0.00
0.00 0.00 0.00 0.00 0.00 0.00 0.00 0.00 0.00 0.00 0.00 0.00 0.00 0.00 0.00 0.00 0.00 0.00 0.06 0.12 0.18 0.15 0.00 0.00 0.00 0.00 0.00 0.00
0.00 0.00 0.00 0.00 0.00 0.00 0.00 0.00 0.00 0.00 0.00 0.00 0.00 0.00 0.00 0.00 0.06 0.18 0.16 0.15 0.10 0.13 0.14 0.00 0.00 0.00 0.00 0.00
0.00 0.00 0.00 0.00 0.00 0.00 0.00 0.00 0.00 0.00 0.00 0.00 0.00 0.00 0.11 0.15 0.19 0.07 0.11 0.05 0.00 0.00 0.00 0.00 0.00 0.00 0.00 0.00
0.00 0.00 0.00 0.00 0.00 0.00 0.00 0.00 0.00 0.00 0.00 0.00 0.01 0.18 0.08 0.17 0.07 0.09 0.00 0.00 0.00 0.00 0.00 0.00 0.00 0.00 0.00 0.00
0.00 0.00 0.00 0.00 0.00 0.00 0.00 0.00 0.00 0.00 0.05 0.18 0.19 0.11 0.13 0.00 0.00 0.00 0.00 0.00 0.00 0.00 0.00 0.00 0.00 0.00 0.00 0.00
0.00 0.00 0.00 0.00 0.00 0.00 0.00 0.00 0.00 0.03 0.11 0.06 0.14 0.11 0.00 0.00 0.00 0.00 0.00 0.00 0.00 0.00 0.00 0.00 0.00 0.04 0.08 0.00
0.00 0.00 0.00 0.00 0.00 0.00 0.00 0.00 0.07 0.14 0.11 0.12 0.00 0.00 0.00 0.00 0.00 0.00 0.11 0.27 0.19 0.00 0.00 0.00 0.00 0.13 0.06 0.00
0.00 0.00 0.00 0.00 0.00 0.00 0.00 0.12 0.12 0.12 0.11 0.00 0.00 0.00 0.00 0.00 0.00 0.22 0.26 0.30 0.00 0.00 0.00 0.00 0.03 0.11 0.00 0.00
0.00 0.00 0.00 0.00 0.00 0.00 0.15 0.06 0.18 0.06 0.00 0.00 0.00 0.00 0.00 0.12 0.14 0.18 0.21 0.06 0.00 0.00 0.00 0.00 0.12 0.03 0.00 0.00
0.00 0.00 0.00 0.00 0.00 0.11 0.04 0.18 0.00 0.00 0.00 0.00 0.00 0.00 0.09 0.00 0.19 0.15 0.25 0.00 0.00 0.00 0.00 0.06 0.10 0.00 0.00 0.00
0.00 0.00 0.00 0.00 0.03 0.08 0.13 0.03 0.00 0.00 0.00 0.00 0.00 0.01 0.04 0.18 0.15 0.16 0.00 0.00 0.00 0.00 0.00 0.14 0.03 0.00 0.00 0.00
0.00 0.00 0.00 0.00 0.12 0.07 0.13 0.00 0.00 0.00 0.00 0.00 0.00 0.10 0.13 0.14 0.11 0.11 0.00 0.00 0.00 0.00 0.06 0.09 0.00 0.00 0.00 0.00
0.00 0.00 0.00 0.04 0.07 0.15 0.00 0.00 0.00 0.00 0.00 0.00 0.13 0.14 0.16 0.07 0.15 0.00 0.00 0.00 0.00 0.00 0.14 0.01 0.00 0.00 0.00 0.00
0.00 0.00 0.00 0.06 0.10 0.00 0.00 0.00 0.00 0.00 0.00 0.14 0.11 0.17 0.04 0.23 0.00 0.00 0.00 0.00 0.00 0.10 0.11 0.00 0.00 0.00 0.00 0.00
0.00 0.00 0.00 0.14 0.11 0.00 0.00 0.00 0.00 0.00 0.20 0.25 0.18 0.10 0.14 0.00 0.00 0.00 0.00 0.00 0.00 0.15 0.01 0.00 0.00 0.00 0.00 0.00
0.00 0.00 0.00 0.09 0.10 0.07 0.00 0.00 0.00 0.23 0.31 0.11 0.10 0.06 0.00 0.00 0.00 0.00 0.00 0.00 0.15 0.06 0.00 0.00 0.00 0.00 0.00 0.00
0.00 0.00 0.00 0.02 0.05 0.00 0.00 0.00 0.09 0.19 0.09 0.04 0.00 0.00 0.00 0.00 0.00 0.00 0.00 0.15 0.09 0.00 0.00 0.00 0.00 0.00 0.00 0.00
0.00 0.00 0.00 0.10 0.00 0.00 0.00 0.00 0.00 0.00 0.00 0.00 0.00 0.00 0.00 0.00 0.00 0.00 0.10 0.10 0.00 0.00 0.00 0.00 0.00 0.00 0.00 0.00
0.00 0.00 0.00 0.16 0.09 0.00 0.00 0.00 0.00 0.00 0.00 0.00 0.00 0.00 0.00 0.06 0.00 0.10 0.08 0.00 0.00 0.00 0.00 0.00 0.00 0.00 0.00 0.00
0.00 0.00 0.00 0.09 0.28 0.00 0.00 0.00 0.00 0.00 0.00 0.00 0.00 0.14 0.07 0.00 0.11 0.06 0.00 0.00 0.00 0.00 0.00 0.00 0.00 0.00 0.00 0.00
0.00 0.00 0.00 0.01 0.16 0.15 0.00 0.07 0.15 0.17 0.23 0.18 0.13 0.00 0.05 0.07 0.00 0.00 0.00 0.00 0.00 0.00 0.00 0.00 0.00 0.00 0.00 0.00
0.00 0.00 0.00 0.00 0.00 0.09 0.13 0.02 0.05 0.07 0.00 0.04 0.00 0.00 0.01 0.00 0.00 0.00 0.00 0.00 0.00 0.00 0.00 0.00 0.00 0.00 0.00 0.00
0.00 0.00 0.00 0.00 0.00 0.00 0.00 0.00 0.00 0.00 0.00 0.00 0.00 0.00 0.00 0.00 0.00 0.00 0.00 0.00 0.00 0.00 0.00 0.00 0.00 0.00 0.00 0.00
0.00 0.00 0.00 0.00 0.00 0.00 0.00 0.00 0.00 0.00 0.00 0.00 0.00 0.00 0.00 0.00 0.00 0.00 0.00 0.00 0.00 0.00 0.00 0.00 0.00 0.00 0.00 0.00
0.00 0.00 0.00 0.00 0.00 0.00 0.00 0.00 0.00 0.00 0.00 0.00 0.00 0.00 0.00 0.00 0.00 0.00 0.00 0.00 0.00 0.00 0.00 0.00 0.00 0.00 0.00 0.00
0.00 0.00 0.00 0.00 0.00 0.00 0.00 0.00 0.00 0.00 0.00 0.00 0.00 0.00 0.00 0.00 0.00 0.00 0.00 0.00 0.00 0.00 0.00 0.00 0.00 0.00 0.00 0.00
0.00 0.00 0.00 0.00 0.00 0.00 0.00 0.00 0.00 0.00 0.00 0.00 0.00 0.00 0.00 0.00 0.00 0.00 0.00 0.00 0.00 0.00 0.00 0.00 0.00 0.00 0.00 0.00
0.00 0.00 0.00 0.00 0.00 0.00 0.00 0.00 0.00 0.00 0.00 0.00 0.00 0.00 0.00 0.00 0.00 0.00 0.00 0.00 0.00 0.00 0.00 0.00 0.00 0.00 0.00 0.00
0.00 0.00 0.00 0.00 0.00 0.00 0.00 0.00 0.00 0.00 0.00 0.00 0.00 0.00 0.00 0.00 0.00 0.00 0.08 0.12 0.02 0.00 0.00 0.13 0.28 0.13 0.01 0.00
0.00 0.00 0.00 0.00 0.00 0.00 0.00 0.00 0.00 0.00 0.00 0.00 0.00 0.00 0.00 0.01 0.08 0.15 0.08 0.00 0.15 0.35 0.43 0.48 0.60 0.50 0.12 0.00
0.00 0.00 0.00 0.00 0.00 0.00 0.00 0.00 0.00 0.00 0.00 0.00 0.00 0.01 0.13 0.13 0.03 0.07 0.16 0.41 0.65 0.76 0.66 0.39 0.61 0.67 0.28 0.00
0.00 0.00 0.00 0.00 0.00 0.00 0.00 0.00 0.00 0.00 0.00 0.00 0.04 0.19 0.12 0.00 0.12 0.44 0.61 0.83 0.98 0.82 0.72 0.74 0.78 0.55 0.18 0.00
0.00 0.00 0.00 0.00 0.00 0.00 0.00 0.00 0.00 0.00 0.07 0.17 0.08 0.00 0.09 0.37 0.45 0.67 0.98 1.38 1.30 1.05 1.03 1.39 0.97 0.38 0.07 0.00
0.00 0.00 0.00 0.00 0.00 0.00 0.00 0.00 0.00 0.06 0.18 0.09 0.00 0.18 0.50 0.77 1.05 1.24 1.44 1.46 1.24 1.02 1.45 1.54 1.00 0.39 0.07 0.00
0.00 0.00 0.00 0.00 0.00 0.00 0.00 0.00 0.09 0.20 0.02 0.00 0.24 0.47 0.93 1.28 1.34 1.32 1.46 1.30 1.05 1.39 1.74 1.36 0.75 0.30 0.01 0.00
0.00 0.00 0.00 0.00 0.00 0.00 0.01 0.13 0.17 0.00 0.00 0.30 0.77 1.33 1.44 1.26 1.26 1.18 1.12 0.80 0.76 1.26 1.53 1.02 0.49 0.09 0.00 0.00
0.00 0.00 0.00 0.00 0.00 0.01 0.17 0.16 0.00 0.06 0.43 1.02 1.53 1.49 1.37 1.14 0.87 0.78 0.39 0.23 0.67 1.27 1.15 0.71 0.22 0.00 0.00 0.00
0.00 0.00 0.00 0.00 0.00 0.14 0.20 0.00 0.03 0.41 1.08 1.54 1.42 1.27 0.85 0.60 0.49 0.29 0.03 0.40 1.14 1.28 1.00 0.41 0.07 0.00 0.00 0.00
0.00 0.00 0.00 0.00 0.06 0.22 0.01 0.00 0.34 1.12 1.65 1.41 1.08 0.65 0.41 0.25 0.20 0.00 0.22 0.81 1.32 1.25 0.75 0.24 0.00 0.00 0.00 0.00
0.00 0.00 0.00 0.00 0.19 0.12 0.00 0.32 1.05 1.67 1.53 1.03 0.55 0.36 0.11 0.21 0.05 0.00 0.56 1.33 1.27 0.92 0.42 0.03 0.00 0.00 0.00 0.00
0.00 0.00 0.00 0.06 0.22 0.01 0.21 0.84 1.63 1.60 1.05 0.56 0.34 0.08 0.20 0.08 0.00 0.39 1.14 1.45 1.07 0.61 0.17 0.01 0.00 0.00 0.00 0.00
0.00 0.00 0.00 0.15 0.13 0.12 0.51 1.33 1.63 1.13 0.59 0.31 0.05 0.21 0.09 0.00 0.32 0.98 1.60 1.19 0.77 0.37 0.06 0.00 0.00 0.00 0.00 0.00
0.00 0.00 0.00 0.24 0.15 0.27 0.87 1.49 1.30 0.70 0.36 0.14 0.12 0.01 0.00 0.36 0.93 1.57 1.31 0.93 0.50 0.18 0.00 0.00 0.00 0.00 0.00 0.00
0.00 0.00 0.00 0.24 0.36 0.57 1.08 1.39 1.19 0.79 0.32 0.18 0.15 0.21 0.51 1.11 1.58 1.32 0.91 0.52 0.28 0.00 0.00 0.00 0.00 0.00 0.00 0.00
0.00 0.00 0.00 0.13 0.66 0.85 0.86 1.13 1.10 0.80 0.57 0.52 0.55 0.72 1.18 1.40 1.23 0.94 0.55 0.35 0.03 0.00 0.00 0.00 0.00 0.00 0.00 0.00
0.00 0.00 0.00 0.08 0.72 0.89 0.78 0.76 0.74 0.57 0.57 0.65 0.72 1.09 1.24 1.12 0.92 0.61 0.41 0.08 0.00 0.00 0.00 0.00 0.00 0.00 0.00 0.00
0.00 0.00 0.00 0.22 0.60 0.85 0.86 0.77 0.60 0.54 0.63 0.83 1.02 1.05 1.12 0.86 0.57 0.35 0.06 0.00 0.00 0.00 0.00 0.00 0.00 0.00 0.00 0.00
0.00 0.00 0.00 0.25 0.44 0.73 1.14 1.07 1.01 0.97 0.97 1.08 1.15 1.06 0.73 0.49 0.23 0.01 0.00 0.00 0.00 0.00 0.00 0.00 0.00 0.00 0.00 0.00
0.00 0.00 0.00 0.10 0.31 0.48 0.79 1.05 1.13 1.20 1.15 1.04 0.80 0.51 0.31 0.09 0.00 0.00 0.00 0.00 0.00 0.00 0.00 0.00 0.00 0.00 0.00 0.00
0.00 0.00 0.00 0.00 0.06 0.22 0.33 0.46 0.58 0.50 0.43 0.32 0.16 0.09 0.02 0.00 0.00 0.00 0.00 0.00 0.00 0.00 0.00 0.00 0.00 0.00 0.00 0.00
0.00 0.00 0.00 0.00 0.00 0.00 0.00 0.00 0.00 0.00 0.00 0.00 0.00 0.00 0.00 0.00 0.00 0.00 0.00 0.00 0.00 0.00 0.00 0.00 0.00 0.00 0.00 0.00
0.00 0.00 0.00 0.00 0.00 0.00 0.00 0.00 0.00 0.00 0.00 0.00 0.00 0.00 0.00 0.00 0.00 0.00 0.00 0.00 0.00 0.00 0.00 0.00 0.00 0.00 0.00 0.00
0.00 0.00 0.00 0.00 0.00 0.00 0.00 0.00 0.00 0.00 0.00 0.00 0.00 0.00 0.00 0.00 0.00 0.00 0.00 0.00 0.00 0.00 0.00 0.00 0.00 0.00 0.00 0.00
